0	7.86E-02
0.001	6.30E-02
0.002	6.30E-02
0.003	3.18E-02
0.004	1.61E-02
0.005	-1.51E-02
0.006	-3.08E-02
0.007	-4.64E-02
0.008	-6.20E-02
0.009	-6.20E-02
0.01	-7.76E-02
0.011	-6.20E-02
0.012	-7.76E-02
0.013	-6.20E-02
0.014	-7.76E-02
0.015	-7.76E-02
0.016	-4.64E-02
0.017	-6.20E-02
0.018	-4.64E-02
0.019	-4.64E-02
0.02	5.00E-04
0.021	5.00E-04
0.022	3.18E-02
0.023	3.18E-02
0.024	3.18E-02
0.025	3.18E-02
0.026	3.18E-02
0.027	1.61E-02
0.028	-1.51E-02
0.029	-1.51E-02
0.03	5.00E-04
0.031	-3.08E-02
0.032	-4.64E-02
0.033	-4.64E-02
0.034	-6.20E-02
0.035	-6.20E-02
0.036	-7.76E-02
0.037	-6.20E-02
0.038	-3.08E-02
0.039	-1.51E-02
0.04	5.00E-04
0.041	5.00E-04
0.042	5.00E-04
0.043	-1.51E-02
0.044	-1.51E-02
0.045	5.00E-04
0.046	3.18E-02
0.047	3.18E-02
0.048	3.18E-02
0.049	3.18E-02
0.05	4.74E-02
0.051	6.30E-02
0.052	6.30E-02
0.053	7.86E-02
0.054	7.86E-02
0.055	7.86E-02
0.056	6.30E-02
0.057	4.74E-02
0.058	4.74E-02
0.059	4.74E-02
0.06	4.74E-02
0.061	1.61E-02
0.062	1.61E-02
0.063	5.00E-04
0.064	-1.51E-02
0.065	-3.08E-02
0.066	-3.08E-02
0.067	-1.51E-02
0.068	-4.64E-02
0.069	-4.64E-02
0.07	-4.64E-02
0.071	-3.08E-02
0.072	-4.64E-02
0.073	-3.08E-02
0.074	-3.08E-02
0.075	5.00E-04
0.076	-1.51E-02
0.077	-1.51E-02
0.078	5.00E-04
0.079	5.00E-04
0.08	1.61E-02
0.081	5.00E-04
0.082	-1.51E-02
0.083	-1.51E-02
0.084	-1.51E-02
0.085	-1.51E-02
0.086	-1.51E-02
0.087	1.61E-02
0.088	-1.51E-02
0.089	-1.51E-02
0.09	-1.51E-02
0.091	5.00E-04
0.092	-3.08E-02
0.093	-4.64E-02
0.094	-4.64E-02
0.095	-4.64E-02
0.096	-7.76E-02
0.097	-7.76E-02
0.098	-6.20E-02
0.099	-4.64E-02
0.1	-1.51E-02
0.101	-1.51E-02
0.102	1.61E-02
0.103	4.74E-02
0.104	6.30E-02
0.105	7.86E-02
0.106	7.86E-02
0.107	9.43E-02
0.108	7.86E-02
0.109	6.30E-02
0.11	4.74E-02
0.111	3.18E-02
0.112	5.00E-04
0.113	-1.51E-02
0.114	-3.08E-02
0.115	-3.08E-02
0.116	5.00E-04
0.117	5.00E-04
0.118	4.74E-02
0.119	4.74E-02
0.12	4.74E-02
0.121	7.86E-02
0.122	6.30E-02
0.123	7.86E-02
0.124	4.74E-02
0.125	6.30E-02
0.126	4.74E-02
0.127	3.18E-02
0.128	3.18E-02
0.129	1.61E-02
0.13	5.00E-04
0.131	-1.51E-02
0.132	-3.08E-02
0.133	-3.08E-02
0.134	-4.64E-02
0.135	-4.64E-02
0.136	-4.64E-02
0.137	-7.76E-02
0.138	-7.76E-02
0.139	-7.76E-02
0.14	-6.20E-02
0.141	-7.76E-02
0.142	-4.64E-02
0.143	-3.08E-02
0.144	-3.08E-02
0.145	-1.51E-02
0.146	5.00E-04
0.147	1.61E-02
0.148	3.18E-02
0.149	4.74E-02
0.15	6.30E-02
0.151	6.30E-02
0.152	7.86E-02
0.153	9.43E-02
0.154	7.86E-02
0.155	4.74E-02
0.156	3.18E-02
0.157	3.18E-02
0.158	5.00E-04
0.159	5.00E-04
0.16	-1.51E-02
0.161	1.61E-02
0.162	-1.51E-02
0.163	-1.51E-02
0.164	-1.51E-02
0.165	-1.51E-02
0.166	-1.51E-02
0.167	-1.51E-02
0.168	-1.51E-02
0.169	1.61E-02
0.17	5.00E-04
0.171	3.18E-02
0.172	3.18E-02
0.173	3.18E-02
0.174	3.18E-02
0.175	1.61E-02
0.176	1.61E-02
0.177	-1.51E-02
0.178	-1.51E-02
0.179	-3.08E-02
0.18	-3.08E-02
0.181	-3.08E-02
0.182	-3.08E-02
0.183	-4.64E-02
0.184	-4.64E-02
0.185	-4.64E-02
0.186	-6.20E-02
0.187	-4.64E-02
0.188	-6.20E-02
0.189	-6.20E-02
0.19	-6.20E-02
0.191	-4.64E-02
0.192	-4.64E-02
0.193	-6.20E-02
0.194	-7.76E-02
0.195	-9.33E-02
0.196	-9.33E-02
0.197	-7.76E-02
0.198	-9.33E-02
0.199	-7.76E-02
0.2	-7.76E-02
0.201	-6.20E-02
0.202	-6.20E-02
0.203	-6.20E-02
0.204	-6.20E-02
0.205	-4.64E-02
0.206	-4.64E-02
0.207	-3.08E-02
0.208	-1.51E-02
0.209	5.00E-04
0.21	3.18E-02
0.211	3.18E-02
0.212	7.86E-02
0.213	1.10E-01
0.214	1.26E-01
0.215	1.41E-01
0.216	1.41E-01
0.217	1.41E-01
0.218	1.41E-01
0.219	1.41E-01
0.22	1.26E-01
0.221	1.26E-01
0.222	1.10E-01
0.223	9.43E-02
0.224	6.30E-02
0.225	4.74E-02
0.226	4.74E-02
0.227	3.18E-02
0.228	3.18E-02
0.229	5.00E-04
0.23	-1.51E-02
0.231	-3.08E-02
0.232	-3.08E-02
0.233	-3.08E-02
0.234	-3.08E-02
0.235	-1.51E-02
0.236	5.00E-04
0.237	5.00E-04
0.238	5.00E-04
0.239	1.61E-02
0.24	3.18E-02
0.241	3.18E-02
0.242	3.18E-02
0.243	3.18E-02
0.244	4.74E-02
0.245	4.74E-02
0.246	4.74E-02
0.247	3.18E-02
0.248	3.18E-02
0.249	1.61E-02
0.25	1.61E-02
0.251	1.61E-02
0.252	1.61E-02
0.253	5.00E-04
0.254	1.61E-02
0.255	-1.51E-02
0.256	-3.08E-02
0.257	-4.64E-02
0.258	-3.08E-02
0.259	-4.64E-02
0.26	-3.08E-02
0.261	-4.64E-02
0.262	-4.64E-02
0.263	-4.64E-02
0.264	-4.64E-02
0.265	-6.20E-02
0.266	-7.76E-02
0.267	-7.76E-02
0.268	-9.33E-02
0.269	-1.09E-01
0.27	-9.33E-02
0.271	-1.25E-01
0.272	-1.25E-01
0.273	-1.25E-01
0.274	-1.09E-01
0.275	-9.33E-02
0.276	-9.33E-02
0.277	-9.33E-02
0.278	-6.20E-02
0.279	-6.20E-02
0.28	-4.64E-02
0.281	-3.08E-02
0.282	5.00E-04
0.283	1.61E-02
0.284	3.18E-02
0.285	4.74E-02
0.286	7.86E-02
0.287	1.10E-01
0.288	1.10E-01
0.289	1.41E-01
0.29	1.41E-01
0.291	1.41E-01
0.292	1.26E-01
0.293	1.10E-01
0.294	6.30E-02
0.295	4.74E-02
0.296	4.74E-02
0.297	5.00E-04
0.298	-1.51E-02
0.299	-3.08E-02
0.3	-4.64E-02
0.301	-4.64E-02
0.302	-4.64E-02
0.303	-4.64E-02
0.304	-6.20E-02
0.305	-7.76E-02
0.306	-6.20E-02
0.307	-4.64E-02
0.308	-4.64E-02
0.309	-6.20E-02
0.31	-4.64E-02
0.311	-4.64E-02
0.312	-4.64E-02
0.313	-4.64E-02
0.314	-4.64E-02
0.315	-4.64E-02
0.316	-3.08E-02
0.317	-3.08E-02
0.318	-3.08E-02
0.319	-3.08E-02
0.32	-3.08E-02
0.321	5.00E-04
0.322	3.18E-02
0.323	3.18E-02
0.324	4.74E-02
0.325	4.74E-02
0.326	6.30E-02
0.327	6.30E-02
0.328	7.86E-02
0.329	7.86E-02
0.33	7.86E-02
0.331	7.86E-02
0.332	9.43E-02
0.333	6.30E-02
0.334	7.86E-02
0.335	7.86E-02
0.336	9.43E-02
0.337	6.30E-02
0.338	4.74E-02
0.339	4.74E-02
0.34	4.74E-02
0.341	4.74E-02
0.342	3.18E-02
0.343	1.61E-02
0.344	3.18E-02
0.345	4.74E-02
0.346	3.18E-02
0.347	3.18E-02
0.348	5.00E-04
0.349	5.00E-04
0.35	1.61E-02
0.351	3.18E-02
0.352	3.18E-02
0.353	3.18E-02
0.354	4.74E-02
0.355	4.74E-02
0.356	4.74E-02
0.357	3.18E-02
0.358	4.74E-02
0.359	1.61E-02
0.36	5.00E-04
0.361	5.00E-04
0.362	-7.76E-02
0.363	-9.33E-02
0.364	-1.09E-01
0.365	-1.25E-01
0.366	-1.40E-01
0.367	-1.87E-01
0.368	-1.56E-01
0.369	-1.56E-01
0.37	-1.71E-01
0.371	-1.56E-01
0.372	-1.56E-01
0.373	-1.25E-01
0.374	-1.09E-01
0.375	-9.33E-02
0.376	-1.09E-01
0.377	-1.09E-01
0.378	-9.33E-02
0.379	-6.20E-02
0.38	-6.20E-02
0.381	-1.51E-02
0.382	-1.51E-02
0.383	3.18E-02
0.384	4.74E-02
0.385	6.30E-02
0.386	7.86E-02
0.387	9.43E-02
0.388	1.10E-01
0.389	1.10E-01
0.39	1.10E-01
0.391	9.43E-02
0.392	7.86E-02
0.393	7.86E-02
0.394	7.86E-02
0.395	6.30E-02
0.396	4.74E-02
0.397	3.18E-02
0.398	3.18E-02
0.399	3.18E-02
0.4	3.18E-02
0.401	3.18E-02
0.402	4.74E-02
0.403	6.30E-02
0.404	7.86E-02
0.405	9.43E-02
0.406	1.26E-01
0.407	1.57E-01
0.408	1.72E-01
0.409	1.72E-01
0.41	1.88E-01
0.411	1.88E-01
0.412	1.88E-01
0.413	1.72E-01
0.414	1.10E-01
0.415	9.43E-02
0.416	1.61E-02
0.417	5.00E-04
0.418	-4.64E-02
0.419	-1.09E-01
0.42	-1.25E-01
0.421	-1.56E-01
0.422	-1.87E-01
0.423	-2.18E-01
0.424	-2.81E-01
0.425	-2.81E-01
0.426	-3.12E-01
0.427	-3.12E-01
0.428	-2.96E-01
0.429	-2.81E-01
0.43	-2.50E-01
0.431	-2.03E-01
0.432	-1.71E-01
0.433	-1.25E-01
0.434	-9.33E-02
0.435	-1.51E-02
0.436	5.00E-04
0.437	4.74E-02
0.438	9.43E-02
0.439	1.10E-01
0.44	1.72E-01
0.441	1.72E-01
0.442	1.88E-01
0.443	2.04E-01
0.444	1.41E-01
0.445	7.86E-02
0.446	-3.08E-02
0.447	-2.96E-01
0.448	1.88E-01
0.449	6.88E-01
0.45	7.04E-01
0.451	6.41E-01
0.452	4.07E-01
0.453	2.51E-01
0.454	1.61E-02
0.455	-1.56E-01
0.456	-2.03E-01
0.457	-2.34E-01
0.458	-2.34E-01
0.459	-2.34E-01
0.46	-2.34E-01
0.461	-2.03E-01
0.462	-2.03E-01
0.463	-1.87E-01
0.464	-1.87E-01
0.465	-1.71E-01
0.466	-1.56E-01
0.467	-1.71E-01
0.468	-1.56E-01
0.469	-1.56E-01
0.47	-1.40E-01
0.471	-1.40E-01
0.472	-1.25E-01
0.473	-9.33E-02
0.474	-6.20E-02
0.475	1.61E-02
0.476	9.43E-02
0.477	1.26E-01
0.478	1.72E-01
0.479	2.19E-01
0.48	2.35E-01
0.481	2.51E-01
0.482	2.35E-01
0.483	2.35E-01
0.484	2.04E-01
0.485	1.72E-01
0.486	1.41E-01
0.487	9.43E-02
0.488	9.43E-02
0.489	4.74E-02
0.49	1.61E-02
0.491	5.00E-04
0.492	-1.51E-02
0.493	1.61E-02
0.494	3.18E-02
0.495	4.74E-02
0.496	6.30E-02
0.497	6.30E-02
0.498	7.86E-02
0.499	7.86E-02
0.5	1.61E-02
0.501	-1.51E-02
0.502	-4.64E-02
0.503	-7.76E-02
0.504	-7.76E-02
0.505	-1.40E-01
0.506	-1.40E-01
0.507	-1.25E-01
0.508	-1.40E-01
0.509	-1.40E-01
0.51	-1.25E-01
0.511	-9.33E-02
0.512	-7.76E-02
0.513	-4.64E-02
0.514	-4.64E-02
0.515	-4.64E-02
0.516	-4.64E-02
0.517	5.00E-04
0.518	-3.08E-02
0.519	-3.08E-02
0.52	-3.08E-02
0.521	-4.64E-02
0.522	-4.64E-02
0.523	-4.64E-02
0.524	-6.20E-02
0.525	-6.20E-02
0.526	-7.76E-02
0.527	-6.20E-02
0.528	-6.20E-02
0.529	-4.64E-02
0.53	-4.64E-02
0.531	-3.08E-02
0.532	-1.51E-02
0.533	1.61E-02
0.534	1.61E-02
0.535	4.74E-02
0.536	1.61E-02
0.537	7.86E-02
0.538	7.86E-02
0.539	7.86E-02
0.54	7.86E-02
0.541	7.86E-02
0.542	6.30E-02
0.543	3.18E-02
0.544	1.61E-02
0.545	5.00E-04
0.546	1.61E-02
0.547	5.00E-04
0.548	1.61E-02
0.549	3.18E-02
0.55	4.74E-02
0.551	6.30E-02
0.552	7.86E-02
0.553	6.30E-02
0.554	7.86E-02
0.555	9.43E-02
0.556	7.86E-02
0.557	6.30E-02
0.558	7.86E-02
0.559	4.74E-02
0.56	1.61E-02
0.561	3.18E-02
0.562	5.00E-04
0.563	-1.51E-02
0.564	-3.08E-02
0.565	-3.08E-02
0.566	-6.20E-02
0.567	-6.20E-02
0.568	-4.64E-02
0.569	-4.64E-02
0.57	-4.64E-02
0.571	-4.64E-02
0.572	-4.64E-02
0.573	-3.08E-02
0.574	-3.08E-02
0.575	-3.08E-02
0.576	-4.64E-02
0.577	-4.64E-02
0.578	-4.64E-02
0.579	-4.64E-02
0.58	-4.64E-02
0.581	-4.64E-02
0.582	-6.20E-02
0.583	-4.64E-02
0.584	-1.51E-02
0.585	-1.51E-02
0.586	-1.51E-02
0.587	-1.51E-02
0.588	5.00E-04
0.589	1.61E-02
0.59	5.00E-04
0.591	5.00E-04
0.592	4.74E-02
0.593	3.18E-02
0.594	1.61E-02
0.595	4.74E-02
0.596	4.74E-02
0.597	4.74E-02
0.598	3.18E-02
0.599	3.18E-02
0.6	3.18E-02
0.601	3.18E-02
0.602	4.74E-02
0.603	1.61E-02
0.604	3.18E-02
0.605	5.00E-04
0.606	-1.51E-02
0.607	-1.51E-02
0.608	-1.51E-02
0.609	-3.08E-02
0.61	-3.08E-02
0.611	-1.51E-02
0.612	1.61E-02
0.613	1.61E-02
0.614	3.18E-02
0.615	3.18E-02
0.616	3.18E-02
0.617	3.18E-02
0.618	3.18E-02
0.619	1.61E-02
0.62	1.61E-02
0.621	1.61E-02
0.622	1.61E-02
0.623	5.00E-04
0.624	-1.51E-02
0.625	-3.08E-02
0.626	-3.08E-02
0.627	-4.64E-02
0.628	-4.64E-02
0.629	-3.08E-02
0.63	-3.08E-02
0.631	-1.51E-02
0.632	-1.51E-02
0.633	-3.08E-02
0.634	-3.08E-02
0.635	-3.08E-02
0.636	-3.08E-02
0.637	-3.08E-02
0.638	-3.08E-02
0.639	-3.08E-02
0.64	5.00E-04
0.641	5.00E-04
0.642	5.00E-04
0.643	5.00E-04
0.644	5.00E-04
0.645	1.61E-02
0.646	5.00E-04
0.647	1.61E-02
0.648	1.61E-02
0.649	1.61E-02
0.65	3.18E-02
0.651	3.18E-02
0.652	1.61E-02
0.653	3.18E-02
0.654	1.61E-02
0.655	5.00E-04
0.656	5.00E-04
0.657	1.61E-02
0.658	1.61E-02
0.659	1.61E-02
0.66	3.18E-02
0.661	1.61E-02
0.662	5.00E-04
0.663	1.61E-02
0.664	-1.51E-02
0.665	-1.51E-02
0.666	-6.20E-02
0.667	-6.20E-02
0.668	-6.20E-02
0.669	-3.08E-02
0.67	-1.51E-02
0.671	1.61E-02
0.672	3.18E-02
0.673	4.74E-02
0.674	4.74E-02
0.675	5.00E-04
0.676	5.00E-04
0.677	-1.51E-02
0.678	-1.51E-02
0.679	5.00E-04
0.68	-1.51E-02
0.681	-1.51E-02
0.682	-1.51E-02
0.683	-3.08E-02
0.684	-1.51E-02
0.685	-3.08E-02
0.686	-1.51E-02
0.687	-3.08E-02
0.688	-1.51E-02
0.689	-1.51E-02
0.69	-3.08E-02
0.691	-3.08E-02
0.692	-3.08E-02
0.693	-3.08E-02
0.694	-3.08E-02
0.695	-1.51E-02
0.696	5.00E-04
0.697	-3.08E-02
0.698	-3.08E-02
0.699	-4.64E-02
0.7	-4.64E-02
0.701	3.18E-02
0.702	9.43E-02
0.703	1.41E-01
0.704	2.19E-01
0.705	2.66E-01
0.706	2.82E-01
0.707	2.66E-01
0.708	2.35E-01
0.709	2.04E-01
0.71	1.41E-01
0.711	7.86E-02
0.712	-1.51E-02
0.713	-9.33E-02
0.714	-1.09E-01
0.715	-1.40E-01
0.716	-1.40E-01
0.717	-1.40E-01
0.718	-1.40E-01
0.719	-1.40E-01
0.72	-1.25E-01
0.721	-1.56E-01
0.722	-2.18E-01
0.723	-2.34E-01
0.724	-2.81E-01
0.725	-3.12E-01
0.726	-3.12E-01
0.727	-2.96E-01
0.728	-2.81E-01
0.729	-2.18E-01
0.73	-1.40E-01
0.731	-6.20E-02
0.732	4.74E-02
0.733	9.43E-02
0.734	1.57E-01
0.735	2.04E-01
0.736	2.19E-01
0.737	2.35E-01
0.738	2.19E-01
0.739	2.19E-01
0.74	1.88E-01
0.741	1.72E-01
0.742	1.57E-01
0.743	1.41E-01
0.744	1.57E-01
0.745	1.88E-01
0.746	1.10E-01
0.747	2.04E-01
0.748	1.41E-01
0.749	1.57E-01
0.75	1.41E-01
0.751	9.43E-02
0.752	9.43E-02
0.753	1.61E-02
0.754	-1.51E-02
0.755	-1.51E-02
0.756	-4.64E-02
0.757	-4.64E-02
0.758	-6.20E-02
0.759	-9.33E-02
0.76	-9.33E-02
0.761	-1.09E-01
0.762	-1.25E-01
0.763	-1.40E-01
0.764	-1.25E-01
0.765	-1.40E-01
0.766	-1.40E-01
0.767	-1.40E-01
0.768	-1.09E-01
0.769	-1.09E-01
0.77	-7.76E-02
0.771	-6.20E-02
0.772	-6.20E-02
0.773	-4.64E-02
0.774	-3.08E-02
0.775	5.00E-04
0.776	-1.51E-02
0.777	-1.51E-02
0.778	-1.51E-02
0.779	-1.51E-02
0.78	-1.51E-02
0.781	-1.51E-02
0.782	-1.51E-02
0.783	5.00E-04
0.784	5.00E-04
0.785	5.00E-04
0.786	1.61E-02
0.787	1.61E-02
0.788	3.18E-02
0.789	3.18E-02
0.79	4.74E-02
0.791	6.30E-02
0.792	6.30E-02
0.793	7.86E-02
0.794	6.30E-02
0.795	7.86E-02
0.796	9.43E-02
0.797	1.10E-01
0.798	9.43E-02
0.799	9.43E-02
0.8	7.86E-02
0.801	6.30E-02
0.802	3.18E-02
0.803	5.00E-04
0.804	-4.64E-02
0.805	-6.20E-02
0.806	-7.76E-02
0.807	-1.09E-01
0.808	-9.33E-02
0.809	-1.09E-01
0.81	-9.33E-02
0.811	-6.20E-02
0.812	-6.20E-02
0.813	-3.08E-02
0.814	-1.51E-02
0.815	5.00E-04
0.816	-1.51E-02
0.817	-1.51E-02
0.818	-3.08E-02
0.819	-3.08E-02
0.82	-1.51E-02
0.821	5.00E-04
0.822	1.61E-02
0.823	3.18E-02
0.824	3.18E-02
0.825	3.18E-02
0.826	4.74E-02
0.827	4.74E-02
0.828	3.18E-02
0.829	1.61E-02
0.83	3.18E-02
0.831	1.61E-02
0.832	1.61E-02
0.833	5.00E-04
0.834	-1.51E-02
0.835	1.61E-02
0.836	1.61E-02
0.837	3.18E-02
0.838	3.18E-02
0.839	3.18E-02
0.84	3.18E-02
0.841	6.30E-02
0.842	6.30E-02
0.843	6.30E-02
0.844	6.30E-02
0.845	6.30E-02
0.846	9.43E-02
0.847	6.30E-02
0.848	9.43E-02
0.849	6.30E-02
0.85	4.74E-02
0.851	1.61E-02
0.852	5.00E-04
0.853	-3.08E-02
0.854	-4.64E-02
0.855	-3.08E-02
0.856	-6.20E-02
0.857	-7.76E-02
0.858	-9.33E-02
0.859	-1.25E-01
0.86	-1.40E-01
0.861	-1.40E-01
0.862	-1.40E-01
0.863	-1.40E-01
0.864	-1.40E-01
0.865	-1.40E-01
0.866	-9.33E-02
0.867	-1.09E-01
0.868	-9.33E-02
0.869	-7.76E-02
0.87	-6.20E-02
0.871	-4.64E-02
0.872	-3.08E-02
0.873	-1.51E-02
0.874	-1.51E-02
0.875	1.61E-02
0.876	3.18E-02
0.877	4.74E-02
0.878	6.30E-02
0.879	7.86E-02
0.88	9.43E-02
0.881	9.43E-02
0.882	9.43E-02
0.883	1.41E-01
0.884	1.10E-01
0.885	1.10E-01
0.886	1.10E-01
0.887	1.10E-01
0.888	1.26E-01
0.889	1.26E-01
0.89	1.26E-01
0.891	1.26E-01
0.892	1.26E-01
0.893	1.26E-01
0.894	1.26E-01
0.895	1.10E-01
0.896	1.10E-01
0.897	9.43E-02
0.898	9.43E-02
0.899	6.30E-02
0.9	1.61E-02
0.901	-4.64E-02
0.902	-7.76E-02
0.903	-9.33E-02
0.904	-1.09E-01
0.905	-1.56E-01
0.906	-1.87E-01
0.907	-2.03E-01
0.908	-2.18E-01
0.909	-2.18E-01
0.91	-2.03E-01
0.911	-2.03E-01
0.912	-1.71E-01
0.913	-1.56E-01
0.914	-1.25E-01
0.915	-9.33E-02
0.916	-7.76E-02
0.917	-6.20E-02
0.918	-3.08E-02
0.919	-1.51E-02
0.92	5.00E-04
0.921	3.18E-02
0.922	3.18E-02
0.923	4.74E-02
0.924	6.30E-02
0.925	4.74E-02
0.926	6.30E-02
0.927	6.30E-02
0.928	6.30E-02
0.929	4.74E-02
0.93	4.74E-02
0.931	4.74E-02
0.932	7.86E-02
0.933	6.30E-02
0.934	7.86E-02
0.935	6.30E-02
0.936	6.30E-02
0.937	6.30E-02
0.938	4.74E-02
0.939	4.74E-02
0.94	4.74E-02
0.941	6.30E-02
0.942	6.30E-02
0.943	4.74E-02
0.944	4.74E-02
0.945	3.18E-02
0.946	5.00E-04
0.947	-1.51E-02
0.948	-4.64E-02
0.949	-6.20E-02
0.95	-9.33E-02
0.951	-7.76E-02
0.952	-9.33E-02
0.953	-7.76E-02
0.954	-7.76E-02
0.955	-6.20E-02
0.956	-4.64E-02
0.957	-3.08E-02
0.958	-1.51E-02
0.959	5.00E-04
0.96	1.61E-02
0.961	3.18E-02
0.962	7.86E-02
0.963	7.86E-02
0.964	1.10E-01
0.965	9.43E-02
0.966	9.43E-02
0.967	4.74E-02
0.968	4.74E-02
0.969	3.18E-02
0.97	1.61E-02
0.971	5.00E-04
0.972	-1.51E-02
0.973	5.00E-04
0.974	-1.51E-02
0.975	-3.08E-02
0.976	-3.08E-02
0.977	-3.08E-02
0.978	-1.51E-02
0.979	-3.08E-02
0.98	-3.08E-02
0.981	-3.08E-02
0.982	-3.08E-02
0.983	-1.51E-02
0.984	-1.51E-02
0.985	5.00E-04
0.986	1.61E-02
0.987	3.18E-02
0.988	4.74E-02
0.989	4.74E-02
0.99	3.18E-02
0.991	3.18E-02
0.992	4.74E-02
0.993	1.61E-02
0.994	5.00E-04
0.995	-3.08E-02
0.996	-1.51E-02
0.997	-7.76E-02
0.998	-7.76E-02
0.999	-9.33E-02
1	-9.33E-02
1.001	-9.33E-02
1.002	-1.25E-01
1.003	-1.25E-01
1.004	-1.09E-01
1.005	-9.33E-02
1.006	-9.33E-02
1.007	-7.76E-02
1.008	-7.76E-02
1.009	-9.33E-02
1.01	-6.20E-02
1.011	-4.64E-02
1.012	-1.51E-02
1.013	1.61E-02
1.014	3.18E-02
1.015	9.43E-02
1.016	1.10E-01
1.017	1.41E-01
1.018	1.72E-01
1.019	2.04E-01
1.02	2.04E-01
1.021	2.04E-01
1.022	2.04E-01
1.023	2.04E-01
1.024	1.72E-01
1.025	1.41E-01
1.026	1.41E-01
1.027	9.43E-02
1.028	7.86E-02
1.029	3.18E-02
1.03	1.61E-02
1.031	-1.51E-02
1.032	-3.08E-02
1.033	-6.20E-02
1.034	-7.76E-02
1.035	-1.09E-01
1.036	-1.09E-01
1.037	-1.09E-01
1.038	-1.09E-01
1.039	-1.09E-01
1.04	-1.09E-01
1.041	-7.76E-02
1.042	-6.20E-02
1.043	-7.76E-02
1.044	-6.20E-02
1.045	-3.08E-02
1.046	5.00E-04
1.047	5.00E-04
1.048	1.61E-02
1.049	1.61E-02
1.05	5.00E-04
1.051	-3.08E-02
1.052	-6.20E-02
1.053	-6.20E-02
1.054	-6.20E-02
1.055	-7.76E-02
1.056	-9.33E-02
1.057	-9.33E-02
1.058	-9.33E-02
1.059	-9.33E-02
1.06	-6.20E-02
1.061	-7.76E-02
1.062	-6.20E-02
1.063	-4.64E-02
1.064	-4.64E-02
1.065	-3.08E-02
1.066	5.00E-04
1.067	5.00E-04
1.068	3.18E-02
1.069	3.18E-02
1.07	4.74E-02
1.071	4.74E-02
1.072	3.18E-02
1.073	4.74E-02
1.074	4.74E-02
1.075	4.74E-02
1.076	4.74E-02
1.077	4.74E-02
1.078	4.74E-02
1.079	4.74E-02
1.08	3.18E-02
1.081	3.18E-02
1.082	3.18E-02
1.083	1.61E-02
1.084	3.18E-02
1.085	1.61E-02
1.086	3.18E-02
1.087	3.18E-02
1.088	4.74E-02
1.089	6.30E-02
1.09	6.30E-02
1.091	9.43E-02
1.092	7.86E-02
1.093	7.86E-02
1.094	1.10E-01
1.095	9.43E-02
1.096	1.10E-01
1.097	1.26E-01
1.098	9.43E-02
1.099	9.43E-02
1.1	6.30E-02
1.101	6.30E-02
1.102	4.74E-02
1.103	3.18E-02
1.104	5.00E-04
1.105	5.00E-04
1.106	-1.51E-02
1.107	-3.08E-02
1.108	-4.64E-02
1.109	-6.20E-02
1.11	-6.20E-02
1.111	-6.20E-02
1.112	-9.33E-02
1.113	-1.25E-01
1.114	-1.40E-01
1.115	-1.40E-01
1.116	-1.56E-01
1.117	-1.56E-01
1.118	-1.56E-01
1.119	-1.71E-01
1.12	-1.56E-01
1.121	-1.56E-01
1.122	-1.40E-01
1.123	-1.09E-01
1.124	-9.33E-02
1.125	-9.33E-02
1.126	-7.76E-02
1.127	-4.64E-02
1.128	-3.08E-02
1.129	-1.51E-02
1.13	5.00E-04
1.131	5.00E-04
1.132	5.00E-04
1.133	5.00E-04
1.134	-1.51E-02
1.135	5.00E-04
1.136	1.61E-02
1.137	1.61E-02
1.138	1.61E-02
1.139	3.18E-02
1.14	3.18E-02
1.141	4.74E-02
1.142	4.74E-02
1.143	4.74E-02
1.144	3.18E-02
1.145	1.61E-02
1.146	1.61E-02
1.147	1.61E-02
1.148	3.18E-02
1.149	6.30E-02
1.15	6.30E-02
1.151	9.43E-02
1.152	1.10E-01
1.153	1.10E-01
1.154	1.26E-01
1.155	1.41E-01
1.156	1.57E-01
1.157	1.57E-01
1.158	1.57E-01
1.159	1.41E-01
1.16	1.26E-01
1.161	1.57E-01
1.162	1.26E-01
1.163	1.10E-01
1.164	1.10E-01
1.165	1.10E-01
1.166	7.86E-02
1.167	7.86E-02
1.168	7.86E-02
1.169	4.74E-02
1.17	1.61E-02
1.171	-3.08E-02
1.172	-4.64E-02
1.173	-6.20E-02
1.174	-9.33E-02
1.175	-1.40E-01
1.176	-1.71E-01
1.177	-1.56E-01
1.178	-1.87E-01
1.179	-1.87E-01
1.18	-1.71E-01
1.181	-1.71E-01
1.182	-1.40E-01
1.183	-1.40E-01
1.184	-1.09E-01
1.185	-1.25E-01
1.186	-1.09E-01
1.187	-7.76E-02
1.188	-7.76E-02
1.189	-7.76E-02
1.19	-1.40E-01
1.191	-2.34E-01
1.192	-2.50E-01
1.193	1.10E-01
1.194	2.97E-01
1.195	4.07E-01
1.196	4.69E-01
1.197	3.44E-01
1.198	1.41E-01
1.199	4.74E-02
1.2	-9.33E-02
1.201	-1.09E-01
1.202	-1.25E-01
1.203	-9.33E-02
1.204	-7.76E-02
1.205	-1.51E-02
1.206	-1.51E-02
1.207	3.18E-02
1.208	7.86E-02
1.209	4.74E-02
1.21	-3.08E-02
1.211	-7.76E-02
1.212	-1.71E-01
1.213	-1.71E-01
1.214	-1.56E-01
1.215	-1.25E-01
1.216	-1.40E-01
1.217	-1.71E-01
1.218	-1.56E-01
1.219	-1.40E-01
1.22	4.74E-02
1.221	1.57E-01
1.222	2.19E-01
1.223	2.35E-01
1.224	2.51E-01
1.225	2.19E-01
1.226	1.26E-01
1.227	7.86E-02
1.228	6.30E-02
1.229	6.30E-02
1.23	4.74E-02
1.231	4.74E-02
1.232	3.18E-02
1.233	1.61E-02
1.234	3.18E-02
1.235	5.00E-04
1.236	5.00E-04
1.237	1.61E-02
1.238	1.61E-02
1.239	1.61E-02
1.24	1.61E-02
1.241	1.61E-02
1.242	4.74E-02
1.243	5.00E-04
1.244	1.61E-02
1.245	1.61E-02
1.246	5.00E-04
1.247	5.00E-04
1.248	1.61E-02
1.249	1.61E-02
1.25	1.61E-02
1.251	1.61E-02
1.252	3.18E-02
1.253	4.74E-02
1.254	4.74E-02
1.255	4.74E-02
1.256	6.30E-02
1.257	6.30E-02
1.258	4.74E-02
1.259	3.18E-02
1.26	-1.51E-02
1.261	-3.08E-02
1.262	-4.64E-02
1.263	-4.64E-02
1.264	-6.20E-02
1.265	-9.33E-02
1.266	-9.33E-02
1.267	-1.25E-01
1.268	-1.25E-01
1.269	-1.71E-01
1.27	-1.56E-01
1.271	-1.71E-01
1.272	-1.56E-01
1.273	-1.56E-01
1.274	-1.40E-01
1.275	-1.56E-01
1.276	-1.25E-01
1.277	-1.40E-01
1.278	-1.25E-01
1.279	-9.33E-02
1.28	-7.76E-02
1.281	-4.64E-02
1.282	5.00E-04
1.283	1.61E-02
1.284	9.43E-02
1.285	9.43E-02
1.286	1.41E-01
1.287	1.72E-01
1.288	1.72E-01
1.289	1.57E-01
1.29	1.57E-01
1.291	1.41E-01
1.292	1.26E-01
1.293	7.86E-02
1.294	9.43E-02
1.295	7.86E-02
1.296	4.74E-02
1.297	1.61E-02
1.298	3.18E-02
1.299	1.61E-02
1.3	-1.51E-02
1.301	-3.08E-02
1.302	-1.25E-01
1.303	-1.25E-01
1.304	-1.09E-01
1.305	-7.76E-02
1.306	-1.51E-02
1.307	4.74E-02
1.308	4.74E-02
1.309	9.43E-02
1.31	1.10E-01
1.311	1.26E-01
1.312	1.26E-01
1.313	9.43E-02
1.314	4.74E-02
1.315	1.61E-02
1.316	-1.51E-02
1.317	-1.51E-02
1.318	5.00E-04
1.319	1.61E-02
1.32	1.61E-02
1.321	1.61E-02
1.322	1.61E-02
1.323	-1.51E-02
1.324	-3.08E-02
1.325	-3.08E-02
1.326	-3.08E-02
1.327	-3.08E-02
1.328	-3.08E-02
1.329	-3.08E-02
1.33	-3.08E-02
1.331	-4.64E-02
1.332	-4.64E-02
1.333	-4.64E-02
1.334	-4.64E-02
1.335	-3.08E-02
1.336	-1.51E-02
1.337	5.00E-04
1.338	1.61E-02
1.339	1.61E-02
1.34	5.00E-04
1.341	1.61E-02
1.342	1.61E-02
1.343	1.61E-02
1.344	1.61E-02
1.345	1.61E-02
1.346	3.18E-02
1.347	3.18E-02
1.348	3.18E-02
1.349	3.18E-02
1.35	1.61E-02
1.351	1.61E-02
1.352	-1.51E-02
1.353	-3.08E-02
1.354	-4.64E-02
1.355	-4.64E-02
1.356	-4.64E-02
1.357	-1.51E-02
1.358	-4.64E-02
1.359	-4.64E-02
1.36	-3.08E-02
1.361	-3.08E-02
1.362	-3.08E-02
1.363	-3.08E-02
1.364	-4.64E-02
1.365	-4.64E-02
1.366	-4.64E-02
1.367	-4.64E-02
1.368	-3.08E-02
1.369	-1.51E-02
1.37	5.00E-04
1.371	5.00E-04
1.372	1.61E-02
1.373	3.18E-02
1.374	4.74E-02
1.375	4.74E-02
1.376	6.30E-02
1.377	4.74E-02
1.378	6.30E-02
1.379	6.30E-02
1.38	6.30E-02
1.381	9.43E-02
1.382	1.10E-01
1.383	1.41E-01
1.384	7.86E-02
1.385	7.86E-02
1.386	-4.64E-02
1.387	-9.33E-02
1.388	-9.33E-02
1.389	-9.33E-02
1.39	-7.76E-02
1.391	-1.09E-01
1.392	-9.33E-02
1.393	-7.76E-02
1.394	-6.20E-02
1.395	-6.20E-02
1.396	-4.64E-02
1.397	5.00E-04
1.398	5.00E-04
1.399	1.61E-02
1.4	3.18E-02
1.401	1.61E-02
1.402	1.61E-02
1.403	-1.51E-02
1.404	-3.08E-02
1.405	-4.64E-02
1.406	-6.20E-02
1.407	-7.76E-02
1.408	-7.76E-02
1.409	-9.33E-02
1.41	-9.33E-02
1.411	-9.33E-02
1.412	-6.20E-02
1.413	-4.64E-02
1.414	-3.08E-02
1.415	-1.51E-02
1.416	1.61E-02
1.417	4.74E-02
1.418	9.43E-02
1.419	1.10E-01
1.42	1.10E-01
1.421	1.57E-01
1.422	1.72E-01
1.423	1.72E-01
1.424	1.88E-01
1.425	1.88E-01
1.426	2.04E-01
1.427	2.04E-01
1.428	1.88E-01
1.429	1.72E-01
1.43	1.41E-01
1.431	1.10E-01
1.432	4.74E-02
1.433	3.18E-02
1.434	-3.08E-02
1.435	-9.33E-02
1.436	-1.09E-01
1.437	-1.71E-01
1.438	-1.71E-01
1.439	-1.56E-01
1.44	-1.40E-01
1.441	-1.71E-01
1.442	-2.96E-01
1.443	-3.12E-01
1.444	-2.65E-01
1.445	-2.34E-01
1.446	-1.40E-01
1.447	-7.76E-02
1.448	-3.08E-02
1.449	5.00E-04
1.45	6.30E-02
1.451	1.26E-01
1.452	1.57E-01
1.453	2.04E-01
1.454	2.35E-01
1.455	2.51E-01
1.456	2.66E-01
1.457	2.82E-01
1.458	2.66E-01
1.459	2.51E-01
1.46	2.19E-01
1.461	1.57E-01
1.462	1.10E-01
1.463	4.74E-02
1.464	3.18E-02
1.465	-3.08E-02
1.466	-1.40E-01
1.467	-1.71E-01
1.468	-1.71E-01
1.469	-2.18E-01
1.47	-2.65E-01
1.471	-2.96E-01
1.472	-2.96E-01
1.473	-2.96E-01
1.474	-2.96E-01
1.475	-2.96E-01
1.476	-2.81E-01
1.477	-2.65E-01
1.478	-1.56E-01
1.479	-1.40E-01
1.48	-4.64E-02
1.481	1.61E-02
1.482	6.30E-02
1.483	1.26E-01
1.484	1.57E-01
1.485	1.57E-01
1.486	1.41E-01
1.487	1.72E-01
1.488	1.72E-01
1.489	2.04E-01
1.49	1.88E-01
1.491	1.57E-01
1.492	1.41E-01
1.493	1.10E-01
1.494	7.86E-02
1.495	6.30E-02
1.496	1.61E-02
1.497	-3.08E-02
1.498	-4.64E-02
1.499	-6.20E-02
1.5	-7.76E-02
1.501	-9.33E-02
1.502	-9.33E-02
1.503	-9.33E-02
1.504	-6.20E-02
1.505	-4.64E-02
1.506	-3.08E-02
1.507	-1.51E-02
1.508	5.00E-04
1.509	3.18E-02
1.51	4.74E-02
1.511	6.30E-02
1.512	7.86E-02
1.513	7.86E-02
1.514	7.86E-02
1.515	6.30E-02
1.516	6.30E-02
1.517	4.74E-02
1.518	4.74E-02
1.519	6.30E-02
1.52	6.30E-02
1.521	6.30E-02
1.522	4.74E-02
1.523	7.86E-02
1.524	6.30E-02
1.525	4.74E-02
1.526	4.74E-02
1.527	3.18E-02
1.528	1.61E-02
1.529	5.00E-04
1.53	5.00E-04
1.531	-1.51E-02
1.532	-4.64E-02
1.533	-4.64E-02
1.534	-4.64E-02
1.535	-6.20E-02
1.536	-6.20E-02
1.537	-4.64E-02
1.538	-4.64E-02
1.539	-3.08E-02
1.54	-3.08E-02
1.541	-1.51E-02
1.542	-1.51E-02
1.543	1.61E-02
1.544	5.00E-04
1.545	-1.51E-02
1.546	-1.51E-02
1.547	-1.51E-02
1.548	-6.20E-02
1.549	-3.08E-02
1.55	-3.08E-02
1.551	-6.20E-02
1.552	-4.64E-02
1.553	-1.09E-01
1.554	-1.25E-01
1.555	-1.40E-01
1.556	-1.25E-01
1.557	-1.40E-01
1.558	-1.40E-01
1.559	-1.09E-01
1.56	-9.33E-02
1.561	-9.33E-02
1.562	-9.33E-02
1.563	-7.76E-02
1.564	-7.76E-02
1.565	-6.20E-02
1.566	-7.76E-02
1.567	-4.64E-02
1.568	-7.76E-02
1.569	-6.20E-02
1.57	-3.08E-02
1.571	5.00E-04
1.572	1.61E-02
1.573	4.74E-02
1.574	6.30E-02
1.575	7.86E-02
1.576	9.43E-02
1.577	1.10E-01
1.578	1.57E-01
1.579	1.41E-01
1.58	1.72E-01
1.581	1.88E-01
1.582	2.35E-01
1.583	2.19E-01
1.584	2.04E-01
1.585	2.04E-01
1.586	2.04E-01
1.587	2.04E-01
1.588	1.88E-01
1.589	1.88E-01
1.59	1.88E-01
1.591	1.57E-01
1.592	1.26E-01
1.593	6.30E-02
1.594	3.18E-02
1.595	-1.51E-02
1.596	-1.51E-02
1.597	-9.33E-02
1.598	-1.09E-01
1.599	-7.76E-02
1.6	-7.76E-02
1.601	-3.08E-02
1.602	-1.51E-02
1.603	-4.64E-02
1.604	-7.76E-02
1.605	-1.87E-01
1.606	-4.84E-01
1.607	-7.18E-01
1.608	-6.40E-01
1.609	-6.20E-02
1.61	5.32E-01
1.611	7.51E-01
1.612	5.94E-01
1.613	3.60E-01
1.614	4.74E-02
1.615	-4.64E-02
1.616	-7.76E-02
1.617	-1.25E-01
1.618	-1.40E-01
1.619	-1.25E-01
1.62	-1.25E-01
1.621	-1.40E-01
1.622	-1.87E-01
1.623	-2.03E-01
1.624	-2.50E-01
1.625	-2.65E-01
1.626	-3.12E-01
1.627	-3.28E-01
1.628	-3.43E-01
1.629	-3.90E-01
1.63	-3.90E-01
1.631	-3.90E-01
1.632	-3.75E-01
1.633	-3.75E-01
1.634	-3.28E-01
1.635	-2.81E-01
1.636	-1.56E-01
1.637	-4.64E-02
1.638	3.18E-02
1.639	1.26E-01
1.64	3.13E-01
1.641	3.91E-01
1.642	5.01E-01
1.643	5.32E-01
1.644	5.16E-01
1.645	5.16E-01
1.646	4.69E-01
1.647	4.22E-01
1.648	3.76E-01
1.649	3.29E-01
1.65	2.97E-01
1.651	2.66E-01
1.652	2.35E-01
1.653	1.88E-01
1.654	9.43E-02
1.655	7.86E-02
1.656	-1.51E-02
1.657	-3.08E-02
1.658	-7.76E-02
1.659	-1.40E-01
1.66	-1.56E-01
1.661	-1.87E-01
1.662	-2.18E-01
1.663	-2.50E-01
1.664	-2.50E-01
1.665	-2.50E-01
1.666	-2.34E-01
1.667	-2.03E-01
1.668	-1.87E-01
1.669	-1.71E-01
1.67	-1.40E-01
1.671	-9.33E-02
1.672	-4.64E-02
1.673	-4.64E-02
1.674	-3.08E-02
1.675	3.18E-02
1.676	4.74E-02
1.677	6.30E-02
1.678	7.86E-02
1.679	7.86E-02
1.68	9.43E-02
1.681	1.10E-01
1.682	1.10E-01
1.683	9.43E-02
1.684	7.86E-02
1.685	7.86E-02
1.686	7.86E-02
1.687	7.86E-02
1.688	4.74E-02
1.689	3.18E-02
1.69	1.61E-02
1.691	5.00E-04
1.692	5.00E-04
1.693	-1.51E-02
1.694	-1.51E-02
1.695	-1.51E-02
1.696	-3.08E-02
1.697	-6.20E-02
1.698	-6.20E-02
1.699	-6.20E-02
1.7	-9.33E-02
1.701	-9.33E-02
1.702	-1.09E-01
1.703	-1.40E-01
1.704	-1.40E-01
1.705	-1.40E-01
1.706	-1.71E-01
1.707	-1.87E-01
1.708	-1.87E-01
1.709	-1.87E-01
1.71	-1.71E-01
1.711	-1.56E-01
1.712	-6.20E-02
1.713	4.74E-02
1.714	1.10E-01
1.715	1.41E-01
1.716	2.51E-01
1.717	2.82E-01
1.718	2.97E-01
1.719	2.97E-01
1.72	2.66E-01
1.721	2.35E-01
1.722	1.41E-01
1.723	7.86E-02
1.724	3.18E-02
1.725	5.00E-04
1.726	-1.51E-02
1.727	-3.08E-02
1.728	-6.20E-02
1.729	-7.76E-02
1.73	-9.33E-02
1.731	-1.09E-01
1.732	-1.09E-01
1.733	-9.33E-02
1.734	-1.09E-01
1.735	-9.33E-02
1.736	-9.33E-02
1.737	-9.33E-02
1.738	-7.76E-02
1.739	-6.20E-02
1.74	-4.64E-02
1.741	-3.08E-02
1.742	5.00E-04
1.743	5.00E-04
1.744	6.30E-02
1.745	6.30E-02
1.746	9.43E-02
1.747	7.86E-02
1.748	7.86E-02
1.749	7.86E-02
1.75	6.30E-02
1.751	4.74E-02
1.752	4.74E-02
1.753	3.18E-02
1.754	5.00E-04
1.755	-1.51E-02
1.756	-3.08E-02
1.757	-1.51E-02
1.758	-1.51E-02
1.759	-1.51E-02
1.76	5.00E-04
1.761	3.18E-02
1.762	4.74E-02
1.763	4.74E-02
1.764	6.30E-02
1.765	6.30E-02
1.766	4.74E-02
1.767	6.30E-02
1.768	6.30E-02
1.769	6.30E-02
1.77	6.30E-02
1.771	6.30E-02
1.772	4.74E-02
1.773	4.74E-02
1.774	3.18E-02
1.775	1.61E-02
1.776	1.61E-02
1.777	-1.51E-02
1.778	-3.08E-02
1.779	-4.64E-02
1.78	-7.76E-02
1.781	-7.76E-02
1.782	-9.33E-02
1.783	-1.09E-01
1.784	-1.25E-01
1.785	-1.25E-01
1.786	-1.25E-01
1.787	-1.40E-01
1.788	-1.40E-01
1.789	-1.40E-01
1.79	-1.25E-01
1.791	-1.25E-01
1.792	-1.40E-01
1.793	-1.40E-01
1.794	-1.25E-01
1.795	-9.33E-02
1.796	-9.33E-02
1.797	-7.76E-02
1.798	-4.64E-02
1.799	-3.08E-02
1.8	5.00E-04
1.801	4.74E-02
1.802	9.43E-02
1.803	1.10E-01
1.804	1.26E-01
1.805	1.26E-01
1.806	1.41E-01
1.807	1.26E-01
1.808	1.26E-01
1.809	1.26E-01
1.81	1.57E-01
1.811	1.41E-01
1.812	1.10E-01
1.813	1.10E-01
1.814	7.86E-02
1.815	3.18E-02
1.816	1.61E-02
1.817	5.00E-04
1.818	1.61E-02
1.819	-1.51E-02
1.82	-1.51E-02
1.821	5.00E-04
1.822	1.61E-02
1.823	1.61E-02
1.824	1.61E-02
1.825	5.00E-04
1.826	-1.51E-02
1.827	-3.08E-02
1.828	-4.64E-02
1.829	-6.20E-02
1.83	-4.64E-02
1.831	-6.20E-02
1.832	-4.64E-02
1.833	-3.08E-02
1.834	-3.08E-02
1.835	-1.51E-02
1.836	-1.51E-02
1.837	-1.51E-02
1.838	1.61E-02
1.839	1.61E-02
1.84	1.61E-02
1.841	3.18E-02
1.842	1.61E-02
1.843	1.61E-02
1.844	1.61E-02
1.845	1.61E-02
1.846	1.61E-02
1.847	5.00E-04
1.848	1.61E-02
1.849	5.00E-04
1.85	1.61E-02
1.851	6.30E-02
1.852	9.43E-02
1.853	3.18E-02
1.854	1.61E-02
1.855	-1.51E-02
1.856	-1.51E-02
1.857	1.61E-02
1.858	1.61E-02
1.859	7.86E-02
1.86	7.86E-02
1.861	6.30E-02
1.862	7.86E-02
1.863	4.74E-02
1.864	4.74E-02
1.865	3.18E-02
1.866	5.00E-04
1.867	-1.51E-02
1.868	-4.64E-02
1.869	-6.20E-02
1.87	-6.20E-02
1.871	-1.09E-01
1.872	-1.40E-01
1.873	-1.56E-01
1.874	-1.40E-01
1.875	-1.87E-01
1.876	-1.56E-01
1.877	-1.71E-01
1.878	-2.03E-01
1.879	-1.71E-01
1.88	-1.71E-01
1.881	-1.40E-01
1.882	-7.76E-02
1.883	-6.20E-02
1.884	-4.64E-02
1.885	-1.51E-02
1.886	5.00E-04
1.887	1.61E-02
1.888	1.61E-02
1.889	6.30E-02
1.89	9.43E-02
1.891	9.43E-02
1.892	1.26E-01
1.893	1.41E-01
1.894	1.57E-01
1.895	1.72E-01
1.896	1.72E-01
1.897	1.72E-01
1.898	1.57E-01
1.899	1.41E-01
1.9	1.41E-01
1.901	9.43E-02
1.902	7.86E-02
1.903	6.30E-02
1.904	3.18E-02
1.905	1.61E-02
1.906	1.61E-02
1.907	5.00E-04
1.908	1.61E-02
1.909	5.00E-04
1.91	1.61E-02
1.911	5.00E-04
1.912	3.18E-02
1.913	3.18E-02
1.914	1.61E-02
1.915	3.18E-02
1.916	1.61E-02
1.917	3.18E-02
1.918	1.61E-02
1.919	5.00E-04
1.92	5.00E-04
1.921	-3.08E-02
1.922	-4.64E-02
1.923	-4.64E-02
1.924	-6.20E-02
1.925	-7.76E-02
1.926	-6.20E-02
1.927	-6.20E-02
1.928	-4.64E-02
1.929	-3.08E-02
1.93	-4.64E-02
1.931	-3.08E-02
1.932	-3.08E-02
1.933	-4.64E-02
1.934	-4.64E-02
1.935	-6.20E-02
1.936	-7.76E-02
1.937	-7.76E-02
1.938	-7.76E-02
1.939	-9.33E-02
1.94	-7.76E-02
1.941	-7.76E-02
1.942	-7.76E-02
1.943	-6.20E-02
1.944	-7.76E-02
1.945	-4.64E-02
1.946	-6.20E-02
1.947	-3.08E-02
1.948	-3.08E-02
1.949	-1.51E-02
1.95	-1.51E-02
1.951	-1.51E-02
1.952	5.00E-04
1.953	-1.51E-02
1.954	5.00E-04
1.955	5.00E-04
1.956	3.18E-02
1.957	6.30E-02
1.958	9.43E-02
1.959	9.43E-02
1.96	1.41E-01
1.961	1.41E-01
1.962	1.41E-01
1.963	1.26E-01
1.964	1.26E-01
1.965	1.10E-01
1.966	1.10E-01
1.967	7.86E-02
1.968	6.30E-02
1.969	3.18E-02
1.97	3.18E-02
1.971	3.18E-02
1.972	1.61E-02
1.973	1.61E-02
1.974	1.61E-02
1.975	1.61E-02
1.976	5.00E-04
1.977	5.00E-04
1.978	-1.51E-02
1.979	-1.51E-02
1.98	-3.08E-02
1.981	-3.08E-02
1.982	-3.08E-02
1.983	-1.51E-02
1.984	5.00E-04
1.985	-3.08E-02
1.986	-3.08E-02
1.987	-6.20E-02
1.988	-6.20E-02
1.989	-6.20E-02
1.99	-7.76E-02
1.991	-6.20E-02
1.992	-7.76E-02
1.993	-7.76E-02
1.994	-7.76E-02
1.995	-7.76E-02
1.996	-6.20E-02
1.997	-7.76E-02
1.998	-6.20E-02
1.999	-4.64E-02
